* 9571 612 63 
* 1269 8451 5764 
+ 14 4921 7615 
+ 29 5343 3799 3498 
+ 1697 3542 
+ 7124 9237 
+ 2541 12 16 96 
+ 5386 5828 
* 6385 8258 
* 657 3691 
+ 1222 8457 885 562 
* 181 1259 4569 
+ 3762 9353 
+ 8177 996 
* 1362 5259 836 
+ 1114 8681 74 13 
* 8792 6233 9866 
+ 3428 37 
* 842 6786 6148 
* 738 4234 
+ 9738 2945 
+ 5751 497 411 
* 3778 8915 7693 
+  8 8887 
+ 2944 656 117  7 
+ 5575 5132 5542 
* 9392 8481 6188 
* 5812 7348 9116 
+ 4491 2996 
* 6249 827 295 
+ 5118 6119 45 8 
+ 28 3298 9582 
* 6336 2855 5523 
* 5919 292 58 
+ 9147 5474 215 76 
* 4697 8758 
* 4477 2927 
* 3215 781 
+ 4265 2123 
* 2427 7227 
* 17 9296 7331 
+ 1212 917 
* 9153 7479 
* 7738 42 
* 247 724 9789 
+ 9275 3272 7391 3784 
* 7958 7739 
* 97 4152 6154 
* 4473 1431 2192 
* 4392 728 
+ 61 146 6261 
* 5418 837 
* 5198 6386 4142 
+ 7984 5847 6628 461 
* 6433 553 466 
* 2489 34 
+ 787 277 2892 2731 
+ 763 447 7965 
* 1199 8389 888 
* 92 5586 2152 
* 9776 4835 
+ 2883 819 
* 819 7852 
+ 5669  6 
+ 2295 741 
* 13 9963 5297 
+ 397 782 5168 
+ 59 97 317 7882 
* 2498 4425 
* 7937 8123 2868 
+ 359 5168 9428 
* 3611 7435 3693 
+ 4745 8238 211 91 
* 2288 15 94 
+ 3926 4539  2 
* 6958 9151 
* 67 8114 
+ 42 495 2428 5897 
+ 323 5795 
* 1218 2729 
* 8862 4158 
+ 2551 78 
* 2594 288 
* 2634 123 818 
* 8445 1756 266 
* 8556 83 
*  3 8933 3779 
* 7616 49  9 
+ 48 7752 3432 
+  2 296 6343 
* 3412 1465 
+ 92 582 5875 2442 
+ 48 8187 5494 
* 5516 6928 
+ 9671 4989 
* 7884 2967 
* 7114 8377 
+ 869 3297 5883 
* 762 5225 
+ 4949 293 
* 4969 735 
* 9216 6489 792 
* 1958 1551 5583 
* 8354 1283 9447 
* 87 9488 2294 
* 954 3644 
* 8591 8813 
+ 7197 59 
* 2253 5973 
* 61 856 8853 
* 8147 3319 
+ 3664 1876 
+ 849 3422 9938 6162 
* 7  537 2651 
+ 7782 9755 5537 883 
+ 2232 1214 
+ 8859 4788 
* 7246 389 
* 4841 677 
* 6783 3727 2856 
+  3 4111 
* 6771 8552 
+ 684 2547 
* 5574 7784 
+ 8794 9122 46 
* 7272 1733 
+ 1978 7165 33 95 
* 2763 2521 
+ 5296 5125 
* 8971 212 65 
+  9 9756 
+ 15 582 665 8888 
* 3782 8734 
* 786 4733 
* 43 6772 1353 
+ 41 25 4484 
+ 9947 4816 3925  2 
* 1516 48 
* 9217 4537 723 
+ 447 5156 5445 
* 9627 2394 21 
* 679 9524 
* 76 4716 1776 
+ 279 5614 2843 3946 
* 1141 824 
* 8798 833 
* 2926 8675 333 
* 4144 273 
* 1533 3296 
* 92 6252 
+ 1581 416 
+ 1585 235 415 62 
* 5984 4581 231 
* 436 1922 1923 
+ 4594 2258 9238 65 
+ 574 9274 6941 
* 2184 775 879 
* 7671 2997 15 
+ 2658 8472 2955 2522 
+ 7  36 7375 9243 
+ 1978 7146 2934 22 
+ 1661 8732 344 234 
+ 2434 3372 
*  8 8168 
+ 965 9347 3124 
+ 5517 754 85 
+ 9112 5943 837 
+ 4959 7534 2917 2658 
* 1557 724 
+ 46 8836 
* 48 639 4758 
+ 9163 14 
+ 9214 8438 7887 39 
+ 7184 6659 
+ 316 4559 7783 6558 
* 4595 769 
* 31 339 6371 
+  5 31 6299 
+ 9485 692 47 56 
+ 2429 9353 9548 
+ 178 238 5649 3564 
* 8862 5163 2158 
* 1331 27 
+ 1449 1898 1387 
* 7891 5932 
* 5216 2873  1 
* 6331 1995 611 
+ 9623 755 387 81 
* 486 9564 2849 
* 9537 3715 19 
+ 9116 4583 363 
* 6836 8488 
* 3497 162 
+ 8813 466 553 5 
+ 9432 3852 
+ 7592 4332 8597 
+ 9212 6288 726 
+ 7928 558 
+ 1874 13 
* 7751 581 47 
+ 8129 3852 
+ 975 888 7879 
* 74 73 3837 
* 6566 3372 363 
* 5764 4644 73 
+ 8197 61 
+ 7944 1793 1544 1215 
* 5997 4669 
+ 88 1193 8662 
* 6611 4842 
+ 2191 5581 
* 1587 9958 
* 833 328 4918 
+ 1589 7176 
* 8942 5587 
* 8319 8787 
+ 21 196 5971 
+ 37 672 2434 5781 
+ 313 6423 
+ 9613 2926 111 51 
* 96 4412 4481 
+  6 1977 
+ 83 6367 
+ 2117 22 
* 7598 9 
+ 15 371 3574 
+ 77 3662 4632 5489 
+ 23 6126 8113 
+ 936 7761 1549 
+ 7276 6873 913 
* 2615 223 618 
+ 2812 8639 163 
+ 59 269 1248 7465 
+ 19 366 1199 9744 
+ 159 113 5989 
* 2496 9896 
* 7178 512 
+ 2692 69 17 
+ 4194 3789 
* 8319 122 
* 5133 669 28 
+ 42 4939 8698 9748 
+ 9243 5362 
+ 4368 655 21 65 
* 3744 8294 6372 
* 1354 1871 11 
+ 6832 5217 56 
* 746 9828 
* 97 1867 3828 
+ 727 423 7263 
+ 24 261 7491 5954 
* 898 6651 1939 
+ 6236 2354 2828 
* 3  426 8835 
* 19 9896 
* 6357 43 3 
* 683 4864 
* 8271 7112 
+ 986 4334 6156 6245 
+ 9777 1985 9 
* 756 5541 9142 
* 9284 3247  8 
+ 612 9113 5963 
+ 2473 385 35  8 
+ 466 9295 
*  5 1318 8638 
+ 762 2949 1923 7356 
* 9561 4283 
+ 3583 4229 
* 6221 4635 
* 9914  6 
* 2246 17 31 
+ 1115 8227 
+ 724 8387 9955 1268 
+ 9271 5593 6256 
+ 4715 388 
+ 944 3876 9993 
* 8835 817 61 
* 83 8165 
* 5624 9219 1839 
* 6281 8835 567 
+ 219 9294 
+ 3118 6981 586 
*  4 33 6398 
+ 867 3633 
+ 9  52 325 6656 
+ 7  3524 
+ 3933 8766 49 
* 7261 6424 2118 
* 5229 4266 6292 
+ 7355 8939 9231 
* 4451 2239 924 
* 3515 5825 
* 2341 9731 
* 559 3925 8969 
* 5749 8768 594 
* 8996 2823 8831 
+ 37 984 2437 7833 
* 84 7863 
+ 3867 1446 699 
* 7658 6193 
* 2731 1189 
* 561 3118 3713 
+ 526 9165 2363 5989 
+ 9519 1151 7833 399 
* 157 2876 4229 
* 9734 1858 
* 2153 2429 
+ 154 4317 6155 8217 
* 7522 732 219 
+ 4558 911 486  6 
+ 4746 393 997 
+ 528 1517 
+ 2387 7379 395 
* 5139 1576 
+ 4151 9994 918 85 
+ 81 57 1539 2485 
* 4658 8789 27 
+ 777 7911 3319 
* 176 7492 
+ 4955 4197 
+ 34 995 2358 5839 
* 4652 3856 4164 
* 7122 9793 
+ 5423 8943 
+ 7538 1471 
+  7 498 3788 
* 1477 187  2 
* 7  5826 
* 75 1539 3232 
* 9  678 8492 
+ 66 43 2267 6696 
+ 72 3233 1343 
* 1335 41 
* 8141 245 947 
+  7 9383 
* 3876 616 43 
+ 464 2451 7864 3567 
+ 5292 1212  4 
* 6429 17 9 
*  6 211 7243 
* 6288 2272 
+ 76 2695 
* 3296 8374 793 
* 8149 3395 
+ 568 379 8593 
+ 725 795 4764 
+ 3259 4644 2995 4513 
* 311 993 7236 
* 2346 6746 
* 2545 2288 
+ 3282 7683 
+ 84 9244 
* 9149 2759 
+ 8721 732 317 
* 318 7335 8885 
+ 7458 4152 7186 
+ 3272 7655 7189 6426 
* 766 3323 2355 
+ 9666 6884 5673 797 
* 3211 9142 
*  7 351 9761 
* 9296 1126 29 
* 9148 7 
+ 583 2159 6259 
+ 288 9713 5672 
* 7795 4731 977 
* 146 3356 
* 91 39 9628 
* 8195 931 296 
* 4773 1352 
* 8458 729 158 
+ 9942 4678 
* 21 5851 
+ 1245 311 938 
+ 72 1842 5316 
+ 3165 8674 9549 391 
* 6513 6179 7126 
* 3537 6228 47 
* 5768 7742 1686 
+ 578 2781 2557 
+ 55 249 6677 
* 1224 3917 79 
+ 25 3444 3637 
+ 7  99 2293 2259 
+ 21 9984 
* 9929 8726 884 
+ 9614 1891 
* 3361 9238 34 
* 7399 692 
* 6313 9898 8253 
+ 23 643 8541 3685 
+ 9283 9685 
* 2341 22 
+ 8622 7667 2544 
* 2151 987 
* 1624 318 24 
+ 4829 6821 8141 774 
+ 4727 6297 9132 
* 4535 5831 
+ 8375 424 171 
* 9361 8414 
+ 6684 914 97 6 
+ 4288 2439 
* 9796 2784 398 
* 2714 6151 1796 
* 37 3644 8576 
* 4714 6231 
* 4866 1196 
* 236 1286 5783 
* 656 4391 
* 7917 922 
+ 433 9587 3127 6257 
* 35 1994 
+ 9321 894 
+ 9659 3974 3831 
+ 8715 5999 386 
* 984 4921 9579 
* 26 8845 7824 
* 1558 2489 1787 
* 5195 752 
*  1 1994 
* 5554 6456 
+ 5514 964 554 34 
+ 28 9751 1456 4225 
+ 74 399 2619 
*  3 4538 3953 
* 872 3611 1659 
+ 296 2416 
* 6435 53 
+ 8845 6182 2498 
* 8684 686 9 
+ 1458 4853 
+ 614 3573 1374 8932 
* 352 1671 7124 
+ 3348 8851 299 34 
+ 4627 2249 
+ 2633 68 
* 5316 2475 
* 5611 5637 
+ 5361 452 8 
+ 9164 43 
* 4674 71 
*  7  3 9923 
* 5871  5 
+ 2867 191 341 
* 359 2476 9616 
+ 81 2119 6899 
+ 1783 7369 8583 
* 6783 347 
* 132 574 1578 
* 4771 7155 78 
+ 9464 245 
+ 94 54 5995 7249 
* 9719 8166 
* 8355 469 1 
+ 838 182 8751 
+ 91 853 6679 6174 
* 1425 4128 2662 
* 8216 3 
+ 16 561 5777 7231 
* 7756 4 
* 46 6129 
+ 2814  9 
+ 3217 467 668 
+ 2787 4375 2414 34 
* 4667 9859 5248 
* 9541 2524 
+ 87 27 422 6987 
* 4878 226 
* 3872 7859 63 
+ 627 8678 5332 9813 
+ 3119 19 
* 8795 682 45 
+ 9148 1782 4441 2363 
* 3495 5352 
* 25 6568 2648 
+ 7573 1189 474 
* 7555 1661 
+ 5153 1258 463 
* 5768 5394 1953 
+ 8891 2912 
+ 37 18 223 8942 
+ 8355 241 74 1 
+ 756 6682 8999 2932 
* 4717 1672 4327 
* 8315 2542 168 
* 3438 7146 
+ 718 5651 
* 6228 424 578 
* 723 9163 9587 
+ 7491 9959 9186 46 
+ 79 275 8427 
* 5214 2135 
* 3875 2438 965 
+ 7714 6375 
+ 911 8499 
* 2418 2491 91 
* 17 9389 
* 3538 3779 4979 
+  8 548 844 2885 
* 7353 6695 5 
+ 5559 4186 691 29 
* 7838 3815 
* 77 19 4876 
* 3652 1951 
+ 8679 3284 5423 
* 7993 787 
+ 2181 2844 
+ 5475 8326 
+ 5623 1513 667 
* 5172 6681 99 
* 2778 7339 272 
+ 929 1634 8613 1718 
+ 8131 28 
* 7727 2946 
+ 63 4169 
* 9181 7217 636 
* 625 435 9567 
+ 4257 1745  1  6 
* 9118 4363 575 
* 515 7718 
* 1744 4678 
* 996 3536 4872 
+ 1248 1253 
* 48 89 7856 
* 8812 95  3 
* 3859 8621 47 
+ 5399 5176 65 
+  9 6998 4538 9457 
+ 5836 6878 
* 211 5267 
+ 7796 29 79 
* 81 1816 7123 
+ 928 877 274 3375 
+ 9369 37 
* 5272 5552 
+ 5934 4258 
+ 995 5634 
+ 8645 4789 813 726 
* 7593 7826 
+  7 6297 
+ 2639 2275 18 
+ 992 462 2984 6942 
+ 6293 7428 
* 692 2149 
+ 525 6132 
* 9656 6234 
* 57 5681 7434 
+ 4669 113 857 
+ 16 3885 9698 
+ 8965 6338 
* 17 2679 
+ 9597 775 
* 9331 3264 4855 
+ 4  1378 9948 
* 4193 9897 579 
+ 4573 4261 
+ 8958 876 557 
* 2382 6242 
* 533 224 7459 
+ 7  6376 3766 
+ 6834 5549 514 6 
* 834 265 6696 
+ 5338 8768 66 
+ 4494 9211 
+ 92 3546 
* 8664 859 
* 973 1781 
* 5321 1795 
* 5618 6447 2892 
+ 647 9924 
* 8717 3493 4614 
+ 5996 8539 9191 
* 2739 98 38 
* 9161 9247 
* 442 8736 
* 7543  7  9 
+ 6515 6487 721 941 
* 96 131 8374 
+ 1717 3499 63 74 
* 6587 6249 7919 
* 4758 8974 658 
* 5479 3138 
* 7715 38 
+ 8187 6875 945 28 
* 325 8575 
+ 7717 9961 514 55 
* 9293 9485 6521 
* 7342 3 
*  3 7451 6913 
+ 9114 1743 
+ 6177 7379 99  9 
+ 9475 5422 1153 
+ 163 4749 
* 86 3675 
+ 98 2433 9577 3822 
* 9741 7533 
* 6599 8977 
+ 1616 1823 452 
* 7137 1628 8137 
+ 8621 15 
+ 6188 984 
* 41 5154 4691 
* 7467 977 
* 9639 3169 34 
+ 628 8914 1694 
* 1311 8793 6 
* 726 9156 2916 
* 69 8922 
+ 662 4639 4231 
+ 6622 1791 6168 73 
* 93 7586 
+ 5546 3353 
* 281 2296 
+ 6399 5968 5754 26 
+ 7828 7936 5668 
* 9846 3243 
* 111 6144 
+ 3542 4284 2267 42 
+ 88 4956 
+ 6557 5283 4783 
+ 3254 9439 
* 32 2618 3339 
+ 57 9814 8427 9353 
+ 3696 9164 3463 
* 453 5687 
+ 9785 2982 27 
+ 75 6195 9965 9866 
+ 691 529 3743 4285 
* 6  8675 3922 
+ 8466 8616 5196 33 
* 7554 1454 856 
* 6313 4736 328 
* 4949 7282 1142 
* 3832 2975 75 
* 4573 6556 
* 3884 7447 5498 
+ 2478 9366 
*  5 2272 7218 
+ 344 1723 
+ 674 9369 8693 5475 
* 525 2811 6461 
+ 7386 179 662 
* 882 5697 
+ 1  16 635 6848 
+ 38 8363 2217 
* 4258 9645 
* 2783 6327 
+  9 562 2337 6385 
+ 4517 1138 8554 
+ 561 855 6126 
*  8 4452 9443 
+ 6716 8944 52 
+ 978 6876 
* 3886 638 
+ 2595 2273 8811 6 
+ 7462 2284 3628 
+ 78 8454 5221 
*  9 51 5446 
+ 57 78 859 1568 
+ 899 3728 
+ 9732 6628 1643 
+ 8447 256 
+ 1177 4728 
+ 4617 7624 6977 
* 3  6587 
+ 6493 1119 
+ 6181 9185 3294 
+ 3967 3715 898 
*  3 2329 
+ 7338 8255 
* 8649 1136 
+ 7379 18 
+ 1917 558 8 
* 1528 64 
* 3895 6795 6955 
+ 7247 182 841 97 
* 7746 3961 
+ 1513 3265 
+ 513 3638 
* 926 3328 4624 
* 2281 6216 
+ 26 4154 
* 73 437 1996 
+ 1823 4765 7533 285 
* 82 2148 
* 72 5853 
+ 5634 9181 
+ 91 4464 
* 815 8133 6522 
+ 9988 6329 
+ 9359 9732 
+ 1646 33 
+ 1  995 716 1966 
+ 1295 484 
+ 3367 5228 
* 8491 9524 6427 
* 759 126 7727 
+ 5717 8818 2832 
+ 1725 66 
* 4564 6459 1819 
* 7256 2345 
* 41 2777 
+ 2891 499 
+ 2639 3755 
+ 187 774 5717 5524 
+ 7375 99 
* 7775 6651 
* 644 8763 1581 
* 52 6545 1259 
+ 3531 4145 
+ 4924 395 
* 283 1148 
* 5312 775 
+ 32 4341 8936 
* 1139 1231 57 
* 1948 6786 226 
+ 352 3358 9146 
* 5817 8492 
* 2921 246 
* 5673 79 
+ 82 3998 6137 
* 64 9575 9535 
* 9923 6819 
* 9685 1989 274 
* 25 916 1399 
* 324 1833 9745 
+ 8749 6187 7441 
* 1675 2878 9555 
+ 9331 32 35 
+ 4742 1331 353 61 
* 836 9858 
* 2251 4281 
+ 4269 4272 643 532 
* 969 2254 9787 
+ 391 196 982 8531 
* 2225 3621 
+ 1214 7495 363 311 
* 6337 3861 5 
+ 8  352 682 1956 
+ 92 2926 1834 
* 78 629 3485 
* 9251 2485 
+ 2175 337 86 
* 8999 23 
+ 7956 89 27 
* 2664 1925 
* 446 8869 
+ 7855 454 
* 28 7533 5913 
+ 737 9164 
+ 6869 8552 
+ 5877 4322 3168 
* 7419 16 81 
* 4824 9627 7262 
+ 8542 2113 6264 
+ 2934 2674 49 
+ 9495 826 
+ 3677 8655 1371 
* 597 1713 6363 
* 3393 4531 57 
* 7187 5847 
+ 773 1512 3291 4175 
+ 9722 5299 
+ 49 49 869 9545 
+ 5918 2111 
* 741 6686 2614 
* 2676 63 
* 1369 764 33 
+ 48 2252 2236 
+ 6183 8188 965 
* 54 7531 7685 
+ 555 6763 3276 7698 
+ 18 386 3297 8489 
+ 5233 565 37 32 
+ 1612 91 
* 8827 2556 5854 
* 8852 3 
+ 168 5997 9732 
* 4322 264 
* 8128 5 
+  2 96 3175 
+ 481 7682 9444 
+ 5878 452 
+ 8674  5 
+ 5276 3543 399 919 
+ 44 283 584 4437 
+ 72 178 9669 
* 9912 476 51 
+ 46 9647 
+ 217 783 8386 1994 
+ 9  38 3221 9479 
+ 28 286 9646 
* 3819 5168 
* 5359 7728 8869 
+ 8246 6474 867 35 
+ 4456 55 
* 3919 43 54 
* 4641 721 
+ 1524 1774 132 98 
* 4149 832 685 
* 8393 142 93 
+ 7275 571 31 
* 9512 5689 9 
+ 491 9334 5467 6766 
+ 7969 496 483 432 
+ 122 2566 8416 2722 
+ 3188 2757 
* 122 5173 
* 211 5788 7483 
+ 3241 7843 238 
+ 86 9732 6646 7292 
+ 2643 322 278 344 
* 1218 264 537 
* 2133 5492 8 
* 6215 3 
* 1391 6323 8331 
* 546 9856 3431 
+ 116 4722 
* 4957 9418 
* 6952 398 
+ 8345 319 792 21 
+ 8238 413 729 
+ 15 344 1235 
+ 3917 7231 1617 5652 
* 5772 66 
+ 3223 68  2 
+ 957 2134 7123 4897 
* 9416 4768 
* 7586 8698 
* 627 6236 
+ 891 7112 9826 5353 
+ 5639 6315 
* 4213 6152 
* 793 146 7822 
+ 2672 9155 953 36 
* 1727 3529 822 
* 969 6345 
* 7217 874 64 
* 3361 8575 
+ 26 3885 
+ 95 516 3237 
* 9598 9154 
+ 6547 4419 
+ 79 9828 8623 1146 
+ 5636 3794 7723 
+ 754 2219 4669 6668 
* 4257 4733 
+ 3164 561 847 31 
+ 1611 964 
+ 2928 5256 2567 99 
*  8 263 2219 
+ 76 742 658 3527 
+ 8823 313 
+ 8244 589 711 
* 4768 9185 
+ 6427 5919 585 571 
+ 4639 389 
* 8248 4436 91 
+ 73 4624 9633 
* 6457  4 
+ 5336 7296 
+ 37 24 8385 
* 123 4328 1826 
* 474 9177 
* 3831 8277 
* 4854 4484 65 
* 29 5438 
* 22 7852 6768 
* 3794 2922 
+ 1158 7247 967 69 
* 5718 6694 
+ 1913 6642 
+ 2382 2772 
+ 9125 2535 294 7 
* 7267 39 
+ 2583 1842 5395 
* 1433 7339 
* 8  8957 3553 
* 2793 2383 6876 
* 1462 2557 2582 
* 82 89 9832 
+ 8354 5475 
* 416 7451 
+ 9  3225 1382 6593 
* 2592 5257 4973 
* 3573 5785 958 
* 522 9492 9694 
+ 3427 2154 483 192 
+ 2835 553 
+ 5231 9939 
+ 855 5344 
* 8372 51 24 
+ 2817 792 859 
* 5544 1961 94 
+ 5287 7561 545 59 
* 3565 366 69 
+ 2782 2679 
* 8294 5881 58 
+ 9  5  8428 
+ 4935 5141 
+ 1678 14 
+ 7739 5636 7596 67 
* 86 2714 
+ 8192 8736 
* 1457 8688 
* 3716 1956 6184 
+ 2957 7641 7296 
+ 7435 3372 
*  8 25 6648 
+ 955 9366 8163 4688 
+ 7386 7  9 
+ 8444 4844 
+  7 123 652 1319 
+ 1224 545 61 47 
+ 5816 3829 4635 
+ 1173 8327 2637 36 
+ 5447 4599 6777 5761 
+ 6727 985 
+ 734 4527 
+ 3138 6938 
+ 9129 9624 
* 1717 96 
* 63 3438 2349 
+ 7558 217 
+ 7241 6746 9697 337 
+ 5834 4323 
* 6946 972 
+ 4664 1568 8694 98 
+ 3765 61 
* 94 7994 7185 
* 5894 1296 7697 
* 4952 1862 
+ 3797 4797 
+ 59 389 5653 5334 
* 7732 755 23 
* 9846 8795 29 
+ 3518 8962 
+ 5  199 965 1637 
* 24 2554 7818 
* 224 958 8519 
* 4118 82 
+ 27 357 5829 
* 4153 4634 723 
* 646 2991 
+ 62 756 3563 5321 
+ 61 9899 5871 4764 
+ 6869 54  4 
+  1  2 833 9481 
* 879 2324 
* 477 3711 
* 4792 2386 
* 4951 28 
* 4614 226 
* 9327 3795 4717 
+ 9691 7417 
* 3459 572 
* 195 919 5498 
+ 9193 485 6 
* 6554 7662 854 
+ 7473 949 
* 8848 579 576 
+ 6384 6931 9314 82 
+ 5288 7464 6269 4941 
+ 4964 288 91 
* 7467 2958 949 
* 9626 15 
* 2975 2266 
* 5963 15 
* 1934 2416 3476 
+ 9516 618 612 
*  4 4317 
+ 6878 849 276 
* 821 4223 
* 7832 9954 5466 
* 5128 6154 8337 
+  8 7353 3579 
* 7679 8459 
+ 337 7341 9378 
* 7986 1471 
+ 1446 8993 45 5 
* 61 9666 
* 845 672 1614 
+ 986 161 8296 
* 7765 5748 198 
+ 9856 14 83 
* 1946 3826 
* 9311 475 425 
* 2975 6435 
* 5336 8637 
* 5767 433 54 
* 1774 5215 
* 39 7834 1614 
* 56 185 2179 
+ 2842 6751 
+ 7822 785 
+ 7253 7 
+ 7322 9679 
+ 7685 771 741 
